1 496 2
1 613 2
1 636 2
1 224 3
1 857 3
1 25 3
1 335 4
1 446 4
1 458 4
1 923 2
1 711 2
1 1244 2
1 497 3
1 625 3
1 702 3
1 868 4
1 450 4
1 508 4
1 1262 2
1 912 3
1 1023 3
1 1345 3
1 805 4
1 842 3
1 1243 3
1 1263 3
1 1266 3
1 1268 3
1 830 -1
2 579 2
2 742 2
2 628 3
2 776 3
2 777 3
2 778 3
2 1397 3
2 16 3
2 838 -1
3 1203 2
3 1204 2
3 1206 2
3 1202 3
3 1205 3
3 1207 3
3 139 2
3 60 3
3 138 3
3 1135 -1
4 1198 2
4 1199 2
4 1200 2
4 1202 3
4 1207 3
4 1206 2
4 1135 -1
5 1099 1
5 1305 2
5 1302 3
5 1303 4
5 1100 -1
6 1208 3
6 1210 3
6 1136 -1
7 1216 3
7 1217 3
7 1218 3
7 1219 3
7 1220 3
7 1137 -1
8 1232 3
8 1228 4
8 1229 4
8 1230 4
8 1231 4
8 1139 -1
9 1231 2
9 1230 3
9 1233 3
9 1228 4
9 1229 4
9 1139 -1
10 1096 2
10 1099 2
10 1100 3
10 1303 3
10 1091 4
10 1123 4
10 1300 4
10 1002 -1
11 1095 2
11 1097 2
11 1098 2
11 1123 3
11 1300 3
11 1091 4
11 1094 4
11 1002 -1
12 1246 1
12 1247 1
12 964 3
12 1379 3
12 224 3
12 1141 -1
13 591 3
13 602 3
13 583 3
13 470 4
13 514 4
13 584 3
13 1017 4
13 840 -1
14 1248 1
14 1249 1
14 636 3
14 196 4
14 1141 -1
15 458 2
15 726 2
15 1250 2
15 1306 3
15 727 3
15 987 3
15 1021 3
15 1283 -1
16 1103 3
16 1102 4
16 1003 -1
17 1119 3
17 1121 3
17 1122 3
17 586 3
17 1005 -1
18 1311 1
18 1308 2
18 1313 3
18 1314 3
18 1284 -1
19 857 2
19 497 2
19 1265 3
19 1261 4
19 496 -1
20 1315 1
20 692 3
20 963 3
20 1320 3
20 837 4
20 1285 -1
21 692 2
21 963 3
21 1285 -1
22 1316 2
22 1317 3
22 1318 3
22 1285 -1
23 1319 4
23 1286 -1
24 1245 2
24 507 2
24 1013 2
24 1011 4
24 1015 2
24 984 -1
25 1211 2
25 1275 2
25 1279 2
25 1273 3
25 1274 3
25 1276 3
25 1277 4
25 165 2
25 1280 3
25 1144 -1
26 1273 1
26 1274 1
26 165 2
26 1275 1
26 1276 1
26 1279 1
26 1280 1
26 1144 -1
27 1325 4
27 1326 2
27 1328 4
27 1329 4
27 1330 2
27 1331 2
27 1332 2
27 1353 3
27 149 3
27 1287 -1
28 1363 2
28 1364 3
28 1336 -1
29 1364 2
29 1365 2
29 1361 3
29 1362 3
29 1336 -1
30 1366 2
30 1368 2
30 1369 2
30 499 3
30 1371 3
30 484 3
30 1372 4
30 488 4
30 1370 2
30 485 2
30 1396 2
30 487 3
30 746 3
30 1341 3
30 1392 3
30 1394 3
30 NA 3
30 1337 -1
31 1372 2
31 365 2
31 499 3
31 1366 3
31 1368 3
31 1369 3
31 1370 3
31 1371 3
31 1337 -1
32 14 2
32 474 2
32 1380 3
32 1381 4
32 1382 4
32 1339 -1
33 1384 3
33 1390 3
33 1340 -1
34 1384 2
34 1386 2
34 1383 3
34 1387 3
34 1388 3
34 1385 4
34 1390 3
34 1340 -1
35 1001 2
35 586 2
35 1012 4
35 638 4
35 841 -1
36 1141 2
36 1243 3
36 1244 3
36 12 3
36 224 3
36 1343 -1
37 19 2
37 26 2
37 18 3
37 21 3
37 22 3
37 17 4
37 23 3
37 24 3
37 1346 -1
38 19 1
38 18 3
38 20 3
38 21 3
38 17 4
38 23 4
38 24 4
38 22 3
38 1347 3
38 29 3
38 26 4
38 1348 4
38 30 4
38 31 3
38 32 3
38 1346 -1
39 26 1
39 23 2
39 24 2
39 30 3
39 17 4
39 21 4
39 28 4
39 1346 -1
40 33 2
40 34 3
40 1347 -1
41 23 1
41 22 4
41 29 4
41 30 4
41 31 4
41 32 4
41 1346 4
41 21 4
41 1347 -1
42 27 1
42 28 4
42 41 4
42 1347 -1
43 35 2
43 41 3
43 1347 3
43 27 3
43 1348 -1
44 1230 1
44 43 1
44 1349 -1
45 38 2
45 39 2
45 42 2
45 44 4
45 1349 -1
46 1001 1
46 1012 4
46 841 -1
47 45 1
47 46 1
47 49 2
47 50 2
47 51 4
47 52 4
47 1350 -1
48 45 1
48 49 1
48 51 2
48 52 2
48 46 3
48 50 3
48 1350 -1
49 50 1
49 1350 -1
50 51 1
50 52 1
50 1350 -1
51 1224 2
51 53 2
51 1138 3
51 1221 3
51 1222 3
51 1225 3
51 1351 -1
52 1138 2
52 1221 2
52 1222 2
52 53 3
52 1116 3
52 1237 4
52 1225 2
52 1351 -1
53 1224 1
53 53 3
53 1351 -1
54 1277 3
54 54 3
54 56 3
54 55 4
54 57 4
54 60 4
54 59 3
54 1227 3
54 1319 4
54 1204 4
54 1352 -1
55 1277 2
55 56 2
55 59 2
55 54 3
55 57 3
55 1227 3
55 1352 -1
56 66 3
56 67 3
56 68 3
56 61 4
56 1324 3
56 1325 3
56 1328 3
56 1330 3
56 1331 3
56 1332 3
56 149 3
56 1353 -1
57 806 1
57 805 3
57 842 -1
58 85 3
58 86 3
58 72 -1
59 1053 2
59 87 2
59 85 3
59 86 4
59 88 4
59 72 -1
60 87 1
60 88 3
60 922 3
60 926 3
60 1053 4
60 1018 3
60 72 -1
61 89 3
61 95 3
61 96 3
61 92 4
61 93 4
61 94 4
61 97 3
61 73 -1
62 99 2
62 100 3
62 73 -1
63 118 1
63 115 2
63 1382 3
63 116 3
63 119 3
63 112 4
63 75 -1
64 1382 1
64 117 1
64 110 2
64 115 2
64 596 2
64 109 3
64 111 3
64 112 3
64 118 4
64 1381 4
64 119 1
64 905 2
64 116 3
64 1201 3
64 75 -1
65 595 2
65 120 2
65 121 2
65 1323 3
65 471 3
65 628 3
65 247 4
65 1030 4
65 122 2
65 908 2
65 569 2
65 16 3
65 502 3
65 680 3
65 397 4
65 705 2
65 748 2
65 798 2
65 691 3
65 780 3
65 531 3
65 986 2
65 171 2
65 685 3
65 701 3
65 703 3
65 760 3
65 909 3
65 963 3
65 1018 3
65 1020 3
65 1055 3
65 344 3
65 645 3
65 762 3
65 341 3
65 470 3
65 826 3
65 926 3
65 10 -1
66 628 1
66 16 1
66 904 2
66 1397 3
66 13 3
66 15 3
66 595 4
66 908 4
66 10 -1
67 552 3
67 123 3
67 126 3
67 130 4
67 131 4
67 127 3
67 128 3
67 549 3
67 76 -1
68 587 2
68 69 3
68 509 3
68 843 -1
69 152 3
69 155 3
69 156 3
69 153 4
69 154 4
69 82 -1
70 890 2
70 431 2
70 915 3
70 665 3
70 901 4
70 1395 4
70 833 -1
71 125 1
71 464 1
71 803 2
71 804 2
71 890 3
71 915 3
71 800 1
71 801 1
71 833 -1
72 514 3
72 912 3
72 923 3
72 837 -1
73 638 2
73 753 3
73 754 3
73 1176 3
73 643 4
73 664 4
73 407 3
73 410 3
73 850 -1
74 1079 1
74 1090 1
74 851 -1
75 736 2
75 747 2
75 1112 2
75 522 2
75 594 2
75 756 2
75 481 2
75 296 2
75 851 -1
76 596 2
76 1201 3
76 856 -1
77 533 1
77 1150 1
77 1124 -1
78 202 1
78 466 1
78 1150 1
78 1151 1
78 1124 -1
79 69 2
79 509 3
79 843 -1
80 435 2
80 556 2
80 557 3
80 1295 3
80 1297 3
80 1037 3
80 1282 -1
81 572 1
81 771 1
81 449 4
81 864 -1
82 648 1
82 649 1
82 650 3
82 819 3
82 876 -1
83 699 1
83 793 1
83 882 -1
84 934 1
84 749 1
84 691 2
84 762 4
84 826 1
84 883 -1
85 682 2
85 1363 2
85 1364 2
85 1361 3
85 1362 3
85 1336 -1
86 937 1
86 938 1
86 939 3
86 940 3
86 1376 4
86 941 1
86 1381 1
86 893 -1
87 943 2
87 944 2
87 948 3
87 1148 3
87 946 4
87 894 -1
88 947 1
88 946 3
88 943 4
88 944 4
88 894 -1
89 1046 3
89 1047 3
89 1048 3
89 1049 3
89 994 -1
90 509 2
90 510 2
90 511 2
90 843 -1
91 982 2
91 978 3
91 980 3
91 981 3
91 976 4
91 975 4
91 170 4
91 899 -1
92 1371 2
92 1372 2
92 746 2
92 1396 3
92 71 3
92 1337 -1
93 1051 1
93 1052 3
93 995 -1
94 1183 1
94 1188 1
94 1182 2
94 1187 3
94 1192 3
94 573 3
94 1184 4
94 1185 4
94 1186 4
94 1189 1
94 1191 4
94 273 4
94 277 4
94 1132 -1
95 647 3
95 1034 3
95 1085 3
95 1087 4
95 1086 3
95 844 3
95 423 3
95 1000 -1
96 1243 2
96 1244 2
96 1242 2
96 12 3
96 1241 3
96 458 4
96 608 4
96 1283 4
96 1141 2
96 1343 -1
97 346 3
97 422 3
97 1316 3
97 471 4
97 760 4
97 421 4
97 1317 3
97 72 3
97 85 3
97 423 4
97 425 4
97 86 3
97 542 3
97 314 3
97 342 3
97 341 3
97 211 -1
98 1221 3
98 1222 3
98 1224 3
98 1116 4
98 1226 3
98 53 3
98 1138 -1
99 1092 2
99 1093 2
99 1094 2
99 1123 3
99 1300 3
99 1095 4
99 1097 4
99 1096 2
99 1099 2
99 1100 2
99 1303 2
99 1002 -1
100 730 2
100 1252 2
100 1255 2
100 1251 3
100 1254 3
100 1257 3
100 1253 4
100 1259 3
100 1260 3
100 1142 -1
101 647 2
101 1034 2
101 474 2
101 1000 3
101 1085 3
101 1086 3
101 1089 4
101 423 4
101 1087 3
101 844 -1
102 458 1
102 726 1
102 608 2
102 725 3
102 1250 3
102 1283 -1
103 1306 1
103 1307 1
103 608 2
103 1242 2
103 1243 2
103 458 3
103 726 3
103 1241 3
103 725 4
103 12 4
103 1343 3
103 1250 3
103 1021 3
103 1283 -1
104 1105 1
104 1106 1
104 1107 1
104 1108 1
104 1003 -1
105 1102 3
105 761 3
105 1010 3
105 1103 4
105 1105 4
105 1106 4
105 438 3
105 1107 4
105 1108 4
105 1003 -1
106 1111 2
106 1113 2
106 1115 2
106 1117 3
106 1114 4
106 1116 2
106 1004 -1
107 1111 3
107 1115 3
107 1116 3
107 1004 -1
108 857 2
108 497 2
108 1261 2
108 1265 3
108 1266 3
108 1268 3
108 224 4
108 1262 2
108 1263 2
108 517 3
108 1119 3
108 335 3
108 496 -1
109 1269 2
109 1271 3
109 1272 3
109 1143 -1
110 1275 2
110 1276 2
110 1277 2
110 1227 3
110 1144 -1
111 61 1
111 62 1
111 63 2
111 64 2
111 65 2
111 70 2
111 1116 2
111 1117 2
111 1353 -1
112 224 1
112 458 2
112 496 2
112 1243 2
112 857 3
112 25 3
112 517 3
112 446 4
112 868 4
112 714 4
112 1119 1
112 1244 2
112 1343 2
112 608 3
112 725 3
112 726 3
112 783 4
112 842 3
112 1005 3
112 1241 3
112 1242 3
112 1264 3
112 1250 3
112 1021 3
112 830 -1
113 1256 3
113 1267 3
113 47 3
113 588 3
113 589 3
113 590 3
113 592 3
113 744 3
113 745 3
113 847 -1
114 152 2
114 155 2
114 156 2
114 82 -1
115 904 2
115 985 2
115 331 2
115 1323 3
115 171 3
115 738 3
115 114 4
115 437 4
115 762 4
115 892 3
115 330 3
115 645 3
115 341 4
115 470 4
115 701 4
115 826 4
115 159 -1
116 340 2
116 341 2
116 346 2
116 343 3
116 345 3
116 963 3
116 960 4
116 961 4
116 962 4
116 126 2
116 342 4
116 348 4
116 823 4
116 550 4
116 319 -1
117 934 3
117 342 3
117 343 3
117 960 4
117 961 4
117 962 4
117 344 3
117 348 3
117 502 3
117 550 4
117 651 4
117 1054 4
117 247 3
117 211 4
117 319 -1
118 926 2
118 349 2
118 990 3
118 891 3
118 960 4
118 961 4
118 962 4
118 342 4
118 211 4
118 633 4
118 240 4
118 1018 4
118 397 4
118 1045 4
118 319 -1
119 360 2
119 361 2
119 321 -1
120 378 2
120 382 2
120 381 3
120 325 -1
121 378 2
121 379 2
121 381 3
121 382 3
121 1266 4
121 325 -1
122 473 3
122 385 3
122 386 3
122 474 4
122 388 4
122 387 3
122 326 -1
123 393 2
123 398 2
123 392 3
123 499 3
123 831 3
123 791 4
123 901 4
123 643 4
123 428 3
123 430 3
123 121 4
123 256 4
123 327 -1
124 593 1
124 469 2
124 751 2
124 752 3
124 849 -1
125 193 2
125 1280 3
125 194 3
125 195 3
125 37 4
125 196 3
125 164 -1
126 1280 2
126 194 2
126 195 3
126 196 3
126 1138 3
126 1144 4
126 37 4
126 38 4
126 40 4
126 61 4
126 78 4
126 164 -1
127 1276 2
127 1277 2
127 200 2
127 1273 3
127 1275 3
127 1274 3
127 1225 4
127 198 4
127 199 4
127 1279 3
127 1144 3
127 1280 3
127 195 3
127 1227 3
127 165 -1
128 1276 1
128 1273 2
128 1275 2
128 1277 2
128 200 3
128 1144 3
128 195 3
128 199 4
128 1274 3
128 1279 3
128 1227 3
128 165 -1
129 1216 3
129 404 3
129 405 3
129 406 3
129 329 -1
130 702 4
130 680 4
130 885 -1
131 465 1
131 853 -1
132 1030 1
132 1031 1
132 289 2
132 440 2
132 1032 3
132 1035 3
132 230 3
132 437 4
132 441 1
132 337 3
132 702 3
132 911 3
132 991 3
132 122 3
132 240 3
132 215 -1
133 558 1
133 14 1
133 1030 3
133 1031 3
133 1323 3
133 289 4
133 439 1
133 911 3
133 991 3
133 1026 3
133 119 3
133 122 3
133 230 3
133 240 3
133 337 3
133 215 -1
134 437 1
134 1030 2
134 1031 2
134 289 2
134 89 3
134 92 3
134 93 3
134 440 2
134 441 2
134 241 3
134 222 3
134 230 3
134 337 3
134 911 3
134 991 3
134 1026 3
134 122 3
134 240 3
134 215 -1
135 1045 1
135 849 -1
136 428 2
136 430 2
136 464 3
136 560 3
136 427 3
136 414 4
136 431 4
136 125 4
136 429 3
136 459 3
136 616 3
136 800 4
136 822 4
136 1375 4
136 709 3
136 801 3
136 408 3
136 979 3
136 409 3
136 205 -1
137 464 2
137 428 2
137 430 2
137 427 3
137 979 3
137 616 3
137 560 4
137 414 4
137 429 4
137 800 3
137 801 3
137 804 3
137 431 4
137 408 3
137 409 3
137 125 3
137 459 3
137 822 3
137 205 -1
138 737 3
138 757 3
138 432 3
138 750 4
138 438 4
138 444 4
138 443 3
138 448 3
138 445 4
138 442 -1
139 737 3
139 432 3
139 438 3
139 444 3
139 442 -1
140 1019 3
140 351 3
140 355 3
140 354 4
140 356 3
140 357 3
140 177 3
140 307 3
140 320 -1
141 423 2
141 342 2
141 341 2
141 736 3
141 617 3
141 346 3
141 471 4
141 760 4
141 421 4
141 422 3
141 426 3
141 542 3
141 425 4
141 789 3
141 790 3
141 141 3
141 314 3
141 773 3
141 1316 3
141 1317 3
141 72 3
141 85 3
141 86 3
141 240 3
141 211 -1
142 1291 1
142 1293 1
142 515 2
142 516 2
142 959 2
142 1288 3
142 1294 3
142 949 3
142 512 4
142 950 4
142 1292 2
142 895 2
142 953 2
142 1122 3
142 1309 3
142 1311 3
142 373 4
142 995 2
142 1053 2
142 1065 2
142 325 3
142 1069 2
142 1073 2
142 1074 2
142 124 2
142 128 2
142 160 2
142 221 2
142 287 2
142 290 2
142 305 2
142 323 2
142 1281 -1
143 802 2
143 813 2
143 1312 3
143 1130 -1
144 529 2
144 528 3
144 530 3
144 531 3
144 532 3
144 598 3
144 599 3
144 765 3
144 766 3
144 859 -1
145 453 1
145 970 1
145 709 2
145 743 2
145 918 2
145 87 2
145 859 -1
146 541 2
146 600 3
146 767 3
146 860 -1
147 541 3
147 601 3
147 860 -1
148 570 2
148 862 2
148 967 2
148 542 3
148 1171 3
148 807 4
148 808 4
148 971 2
148 809 4
148 861 -1
149 845 3
149 956 3
149 1290 3
149 1301 3
149 213 3
149 452 3
149 493 3
149 734 3
149 829 -1
150 542 2
150 807 2
150 862 2
150 809 3
150 967 3
150 971 3
150 1171 4
150 861 -1
151 1152 4
151 1125 -1
152 808 2
152 568 3
152 1153 3
152 1154 3
152 566 4
152 570 4
152 1126 -1
153 572 3
153 771 3
153 449 4
153 864 -1
154 572 1
154 771 3
154 1037 3
154 1084 3
154 1177 3
154 1180 3
154 864 -1
155 476 1
155 477 1
155 358 3
155 865 -1
156 479 2
156 478 3
156 866 -1
157 484 2
157 500 2
157 483 3
157 1367 3
157 236 3
157 499 3
157 561 3
157 746 3
157 831 3
157 867 -1
158 558 2
158 606 2
158 904 2
158 594 3
158 909 4
158 910 4
158 905 2
158 906 2
158 907 2
158 908 2
158 886 -1
159 594 1
159 907 1
159 558 2
159 606 2
159 904 2
159 1167 3
159 522 3
159 756 3
159 909 4
159 906 2
159 908 2
159 852 3
159 288 3
159 886 -1
160 554 3
160 476 3
160 832 -1
161 558 2
161 606 2
161 904 2
161 594 3
161 1234 3
161 1374 3
161 909 4
161 910 4
161 905 2
161 906 2
161 907 2
161 908 2
161 886 -1
162 611 1
162 612 1
162 773 2
162 869 -1
163 811 2
163 810 3
163 812 3
163 814 3
163 1151 4
163 870 -1
164 810 1
164 811 1
164 724 3
164 850 3
164 1151 3
164 812 1
164 870 -1
165 628 3
165 776 3
165 777 4
165 873 -1
166 631 2
166 924 2
166 634 3
166 825 3
166 667 3
166 254 4
166 397 4
166 208 3
166 989 3
166 1027 3
166 1176 3
166 926 3
166 874 -1
167 631 2
167 667 3
167 674 3
167 825 3
167 1223 4
167 258 4
167 208 4
167 983 3
167 924 3
167 1176 3
167 254 4
167 989 4
167 1027 4
167 926 4
167 397 4
167 874 -1
168 630 2
168 632 2
168 633 2
168 631 3
168 989 3
168 1027 3
168 634 4
168 635 2
168 637 2
168 924 2
168 1176 3
168 208 3
168 397 3
168 926 2
168 874 -1
169 779 2
169 638 3
169 643 3
169 781 3
169 499 4
169 641 4
169 642 4
169 1175 3
169 1176 3
169 1172 4
169 586 4
169 875 -1
170 648 3
170 821 4
170 876 -1
171 904 1
171 738 3
171 332 3
171 331 1
171 832 -1
172 654 2
172 989 2
172 525 4
172 1334 4
172 536 4
172 632 4
172 877 -1
173 1334 1
173 547 2
173 58 2
173 715 2
173 505 3
173 654 4
173 990 4
173 839 2
173 989 2
173 582 4
173 877 -1
174 525 2
174 536 2
174 632 2
174 654 4
174 877 -1
175 620 3
175 658 3
175 787 4
175 788 4
175 789 4
175 790 4
175 523 4
175 621 4
175 622 4
175 623 4
175 881 -1
176 1223 2
176 558 3
176 14 3
176 618 3
176 988 4
176 1025 4
176 696 3
176 697 3
176 913 3
176 258 -1
177 469 2
177 708 2
177 803 2
177 711 3
177 575 3
177 593 3
177 709 4
177 710 4
177 915 2
177 849 3
177 888 -1
178 714 2
178 1122 3
178 379 3
178 446 4
178 1074 4
178 1155 4
178 1157 4
178 712 4
178 1005 4
178 1052 4
178 1127 -1
179 714 2
179 949 3
179 1119 3
179 1306 3
179 446 4
179 712 4
179 1074 4
179 1155 4
179 1157 4
179 1073 4
179 224 4
179 458 4
179 1242 4
179 1244 4
179 1127 -1
180 1165 2
180 1162 3
180 1163 3
180 1164 3
180 547 4
180 715 4
180 716 4
180 1161 4
180 1166 4
180 1128 -1
181 1165 2
181 1162 3
181 1163 3
181 1164 3
181 1128 -1
182 1389 2
182 169 3
182 577 3
182 578 3
182 836 -1
183 818 2
183 819 3
183 876 3
183 648 4
183 821 4
183 650 -1
184 918 2
184 919 2
184 917 3
184 179 3
184 1025 4
184 889 -1
185 919 1
185 920 2
185 96 2
185 89 3
185 93 3
185 889 -1
186 920 1
186 917 3
186 919 3
186 889 -1
187 725 1
187 726 2
187 987 -1
188 513 2
188 624 2
188 313 2
188 492 3
188 651 3
188 652 3
188 756 4
188 1028 2
188 989 2
188 728 3
188 729 3
188 1022 3
188 735 3
188 718 3
188 339 3
188 722 -1
189 1028 2
189 989 2
189 492 3
189 1022 3
189 1024 3
189 722 -1
190 513 1
190 624 1
190 1028 2
190 989 2
190 651 3
190 652 3
190 728 3
190 313 1
190 492 1
190 729 3
190 1022 3
190 723 3
190 735 3
190 339 3
190 722 -1
191 1026 2
191 14 3
191 803 3
191 1025 3
191 979 3
191 988 -1
192 800 2
192 924 2
192 1375 3
192 979 3
192 665 4
192 891 -1
193 514 2
193 912 3
193 923 3
193 934 3
193 502 4
193 837 -1
194 662 1
194 921 2
194 924 2
194 979 2
194 14 3
194 606 3
194 918 3
194 558 4
194 1375 3
194 633 3
194 891 -1
195 922 1
195 925 1
195 397 2
195 14 3
195 1018 3
195 240 3
195 1176 4
195 926 1
195 891 -1
196 525 2
196 652 2
196 991 2
196 1334 3
196 1028 3
196 630 3
196 313 4
196 651 4
196 1027 4
196 924 3
196 839 3
196 631 4
196 635 4
196 925 4
196 1018 4
196 722 4
196 979 4
196 989 -1
197 661 2
197 926 2
197 932 2
197 927 3
197 928 3
197 760 3
197 569 4
197 644 4
197 931 4
197 738 2
197 985 2
197 470 3
197 240 3
197 341 3
197 222 4
197 1018 4
197 397 4
197 1045 3
197 925 3
197 283 3
197 892 -1
198 930 2
198 1019 2
198 929 3
198 644 4
198 928 4
198 932 4
198 892 -1
199 1031 2
199 652 3
199 711 3
199 1030 3
199 1035 3
199 991 -1
200 711 2
200 1031 2
200 652 3
200 1030 3
200 1035 3
200 437 3
200 657 3
200 991 -1
201 1032 2
201 1030 3
201 1031 3
201 1035 3
201 657 4
201 437 4
201 991 -1
202 943 2
202 944 3
202 946 3
202 894 -1
203 953 3
203 954 3
203 1054 4
203 1077 4
203 1083 4
203 895 -1
204 823 1
204 247 1
204 514 3
204 934 3
204 509 3
204 685 1
204 692 1
204 510 3
204 1398 3
204 128 3
204 9 1
204 837 -1
205 950 1
205 953 1
205 952 3
205 954 3
205 895 -1
206 1037 1
206 1177 4
206 992 -1
207 1041 2
207 1042 2
207 1043 3
207 1044 3
207 520 3
207 993 -1
208 1046 2
208 1047 2
208 1048 2
208 1049 2
208 994 -1
209 964 2
209 743 2
209 966 3
209 450 3
209 618 3
209 685 4
209 871 4
209 1359 3
209 216 3
209 240 3
209 1260 4
209 897 -1
210 966 1
210 743 2
210 964 3
210 1080 3
210 897 -1
211 950 3
211 1168 3
211 1129 -1
212 964 2
212 970 2
212 915 3
212 846 4
212 554 4
212 967 4
212 971 4
212 743 4
212 898 -1
213 972 2
213 973 2
213 974 2
213 975 3
213 976 3
213 977 4
213 899 -1
214 1171 2
214 1172 2
214 1175 3
214 1173 4
214 1174 4
214 759 4
214 1131 -1
215 525 2
215 536 2
215 902 2
215 884 -1
216 1172 2
216 1175 2
216 1176 2
216 1171 3
216 1174 3
216 615 3
216 1180 4
216 210 4
216 576 2
216 638 3
216 664 3
216 407 3
216 410 4
216 1131 -1
217 572 2
217 1181 2
217 1175 3
217 1177 3
217 1180 3
217 1171 4
217 1172 4
217 174 3
217 1037 4
217 1131 -1
218 1182 2
218 1183 2
218 1188 3
218 1189 3
218 1192 3
218 1184 4
218 1185 4
218 1186 4
218 573 3
218 277 3
218 1187 4
218 1191 4
218 273 4
218 1132 -1
219 1058 3
219 996 -1
220 558 1
220 606 3
220 618 3
220 911 3
220 1055 4
220 1057 4
220 14 4
220 439 3
220 685 4
220 119 4
220 182 4
220 441 4
220 996 -1
221 606 1
221 1026 4
221 996 -1
222 1072 3
222 1073 3
222 1074 3
222 1065 4
222 1066 4
222 1069 4
222 323 3
222 1155 3
222 1070 4
222 1071 4
222 1075 4
222 1170 4
222 379 4
222 998 -1
223 1066 3
223 1069 3
223 1070 3
223 1065 4
223 323 4
223 1071 3
223 1072 3
223 1155 3
223 379 4
223 1047 3
223 998 -1
224 1083 2
224 1077 4
224 1078 4
224 1081 4
224 1082 4
224 999 -1
225 1087 2
225 1089 2
225 5 3
225 423 3
225 1000 -1