1107 1 1
1165 1 1
2395 1 1
4277 1 1
4332 1 1
5128 1 1
5628 1 1
5730 1 1
7607 1 1
7811 1 1
8958 1 1
8961 1 1
1163 2 1
1281 2 1
1377 2 1
1514 2 1
2846 2 1
3420 2 1
3866 2 1
4011 2 1
6140 2 1
6668 2 1
6848 2 1
6889 2 1
8473 2 1
8987 2 1
1377 3 1
1534 3 1
1835 3 1
2245 3 1
2643 3 1
3274 3 1
3300 3 1
4526 3 1
4669 3 1
7541 3 1
8284 3 2
8602 3 1
8958 3 1
1281 4 1
1343 4 1
2809 4 1
2978 4 1
3124 4 1
4150 4 1
4604 4 1
6399 4 1
6603 4 1
7017 4 1
7859 4 1
7975 4 1
7993 4 1
8284 4 2
8298 4 2
8961 4 1
8984 4 1
1576 5 1
2012 5 1
2420 5 1
3226 5 1
5392 5 1
6140 5 1
7780 5 1
8016 5 1
1514 6 1
1835 6 1
4662 6 1
7333 6 1
7817 6 1
8284 6 2
1281 7 1
1587 7 1
1620 7 2
1899 7 1
2012 7 1
2809 7 1
4636 7 1
5246 7 1
5429 7 1
5846 7 1
5978 7 1
6552 7 1
8243 7 1
8284 7 2
8649 7 1
9028 7 1
1791 8 1
2176 8 1
2643 8 1
3269 8 1
4777 8 1
5235 8 1
7540 8 1
8284 8 2
8818 8 1
8958 8 1
3599 9 1
7540 9 1
8229 9 1
8815 9 1
1165 10 1
1281 10 1
1618 10 1
2894 10 1
2939 10 1
3435 10 1
3599 10 1
5841 10 1
6477 10 1
6606 10 1
8015 10 1
8284 10 1
8295 10 1
8569 10 1
9051 10 1
1025 11 1
2733 11 1
3717 11 1
5248 11 1
8016 11 1
8284 11 1
8299 11 1
8602 11 1
8958 11 1
1102 12 1
4279 12 1
6194 12 1
8030 12 1
1271 13 1
1365 13 1
1699 13 1
3772 13 1
5815 13 1
6477 13 1
6602 13 1
7605 13 1
7739 13 1
8007 13 1
8284 13 2
8912 13 1
1672 14 1
1835 14 2
1899 14 1
1998 14 1
2581 14 1
3261 14 1
3866 14 1
4601 14 1
5248 14 1
5624 14 1
6403 14 1
8284 14 3
8747 14 1
1606 15 1
2365 15 1
3261 15 1
3274 15 1
3300 15 1
3844 15 1
4259 15 1
6193 15 1
6197 15 1
6577 15 1
7131 15 1
8284 15 1
1606 16 1
1638 16 1
1762 16 1
2093 16 1
2106 16 1
4250 16 1
5510 16 1
6403 16 1
6602 16 1
6603 16 1
6953 16 1
7739 16 1
8062 16 1
8284 16 3
8298 16 1
8566 16 1
8747 16 1
1102 17 1
2439 17 1
2733 17 1
3574 17 1
3870 17 1
5328 17 1
5938 17 1
6108 17 1
8133 17 1
8469 17 1
8958 17 1
1170 18 2
1271 18 1
1899 18 1
2927 18 1
2928 18 1
3830 18 1
4032 18 1
5203 18 1
5545 18 1
5546 18 1
5914 18 1
6027 18 1
6104 18 1
6226 18 1
6392 18 2
6477 18 1
6730 18 1
6943 18 1
7640 18 1
8064 18 2
8283 18 1
8284 18 3
8469 18 1
9012 18 1
1107 19 1
3274 19 1
3830 19 1
3866 19 1
4277 19 1
4538 19 1
4801 19 1
4829 19 2
6577 19 1
6602 19 1
7075 19 1
7607 19 1
8284 19 1
1281 20 2
2309 20 2
2314 20 1
2640 20 1
2643 20 1
3100 20 1
5194 20 1
5353 20 1
6140 20 1
6462 20 1
8284 20 3
8958 20 1
1057 21 1
1124 21 1
1291 21 1
1319 21 1
1726 21 1
1734 21 1
3868 21 1
4407 21 1
4570 21 1
4662 21 1
5906 21 1
8192 21 1
8284 21 3
8299 21 1
8776 21 1
1102 22 1
1281 22 1
1377 22 1
1734 22 2
2178 22 1
3274 22 1
3768 22 2
4767 22 1
5194 22 2
8284 22 2
8958 22 1
1537 23 1
2077 23 1
2642 23 1
2805 23 2
2949 23 1
3269 23 1
3957 23 1
4451 23 1
4669 23 1
5100 23 1
5219 23 1
5246 23 1
5846 23 1
6562 23 1
7123 23 1
8284 23 2
8602 23 1
8958 23 1
1102 24 1
1873 24 1
1899 24 1
2003 24 1
3269 24 1
3830 24 1
4166 24 1
4407 24 1
5332 24 1
6281 24 1
8284 24 1
1267 25 1
1377 25 1
1445 25 1
1835 25 2
2076 25 1
2083 25 1
2643 25 1
3207 25 1
3505 25 1
3891 25 1
4557 25 1
4835 25 1
5624 25 1
6577 25 1
7541 25 1
8284 25 1
8305 25 1
1377 26 1
1835 26 2
2083 26 1
2745 26 1
3207 26 1
3295 26 1
5248 26 1
5489 26 1
6197 26 1
8299 26 1
8305 26 1
8958 26 1
9028 26 1
1271 27 1
1606 27 1
2208 27 1
2337 27 1
3598 27 1
4259 27 1
4407 27 1
4829 27 1
5335 27 1
7144 27 1
7541 27 1
7859 27 1
8284 27 2
8958 27 1
9028 27 1
1319 28 1
1606 28 1
2003 28 1
2243 28 1
2930 28 1
3135 28 1
3830 28 1
4250 28 1
5760 28 1
7973 28 1
8284 28 1
8841 28 1
9051 28 1
1271 29 1
1379 29 1
1606 29 1
2004 29 1
2208 29 1
2243 29 1
2337 29 1
2847 29 1
3598 29 1
3830 29 1
3835 29 1
4259 29 1
4407 29 1
4829 29 1
5296 29 1
5335 29 1
6114 29 1
6602 29 1
7144 29 1
7541 29 1
7680 29 1
7859 29 1
8282 29 1
8284 29 2
8542 29 1
8841 29 1
8958 29 2
9005 29 1
9028 29 1
2728 30 1
3599 30 1
3830 30 1
4767 30 1
4900 30 1
6197 30 1
8111 30 1
9028 30 1
2439 31 1
2728 31 1
3841 31 1
4677 31 1
6197 31 1
8362 31 1
8783 31 1
1271 32 1
3447 32 1
3622 32 1
3866 32 1
4276 32 2
4688 32 1
5975 32 1
6477 32 1
6904 32 1
7612 32 1
7739 32 1
8284 32 1
8374 32 1
2261 33 1
2894 33 1
3000 33 1
3866 33 1
4250 33 1
4332 33 1
5545 33 1
6632 33 1
6727 33 1
7811 33 1
2877 34 1
2894 34 1
3007 34 1
3447 34 1
3448 34 1
3830 34 1
3866 34 1
3957 34 1
3980 34 1
4250 34 1
4587 34 1
5902 34 1
6727 34 1
7618 34 1
8284 34 1
8354 34 1
1158 35 1
1576 35 1
1865 35 1
5491 35 1
8284 35 2
8469 35 1
8958 35 1
1102 36 1
1377 36 1
2012 36 1
3627 36 1
3844 36 1
4279 36 1
6194 36 1
7670 36 1
7863 36 1
8030 36 1
8284 36 3
8807 36 1
8958 36 1
8961 36 1
1151 37 1
1281 37 1
1670 37 1
2162 37 1
2177 37 1
2241 37 1
2572 37 1
3600 37 1
3866 37 1
3909 37 1
4705 37 1
5483 37 1
6525 37 1
8296 37 1
8375 37 2
8958 37 1
1835 38 1
2572 38 1
8021 38 1
8295 38 1
1835 39 1
2572 39 1
3599 39 1
8021 39 1
1835 40 1
2505 40 1
2572 40 1
2982 40 1
3927 40 1
6477 40 1
7144 40 1
7640 40 1
8016 40 1
8284 40 3
8298 40 1
8988 40 1
9030 40 1
1377 41 1
1835 41 1
2177 41 1
2572 41 1
3599 41 1
3866 41 1
7144 41 1
8284 41 2
8958 41 1
1377 42 1
1835 42 1
2572 42 1
3652 42 1
3866 42 1
6562 42 1
7144 42 1
7269 42 1
8284 42 2
8535 42 1
8602 42 1
8958 42 1
1271 43 1
1281 43 1
1319 43 1
1441 43 1
1606 43 1
1757 43 1
2076 43 1
2162 43 1
2302 43 1
2572 43 2
2643 43 1
2810 43 1
3097 43 1
3300 43 1
3569 43 1
3690 43 1
3866 43 1
3868 43 1
4259 43 1
5275 43 1
5491 43 1
6586 43 1
7418 43 1
7540 43 1
8021 43 1
8180 43 1
8284 43 1
8374 43 1
8602 43 1
8776 43 1
8948 43 1
8969 43 1
9028 43 1
1606 44 1
2076 44 1
2643 44 1
3269 44 1
3946 44 1
4250 44 1
4669 44 1
4825 44 1
7541 44 1
7995 44 1
8284 44 2
8815 44 1
1606 45 1
1998 45 1
2076 45 1
2643 45 1
2809 45 1
3207 45 1
3269 45 1
3946 45 1
4250 45 1
4669 45 1
4825 45 1
6562 45 1
7541 45 1
8284 45 3
8815 45 1
4755 46 1
6197 46 1
7559 46 1
7760 46 1
8912 46 1
1377 47 1
3044 47 1
4937 47 1
6566 47 1
7995 47 1
8016 47 1
8284 47 1
8958 47 1
1271 48 1
1377 48 1
1514 48 1
3261 48 1
3866 48 1
5247 48 1
7177 48 1
7541 48 1
7740 48 1
7995 48 1
8958 48 1
2425 49 1
2643 49 1
3044 49 1
3128 49 1
5590 49 1
6562 49 1
7995 49 1
8721 49 1
8811 49 1
8958 49 1
8961 49 1
1377 50 1
1514 50 1
3866 50 1
4032 50 1
6566 50 1
7177 50 1
7541 50 1
7740 50 1
7995 50 1
8284 50 1
8958 50 1
1319 51 1
1618 51 1
1638 51 1
1863 51 1
1899 51 1
2642 51 2
3781 51 1
4262 51 1
4698 51 1
4777 51 1
4800 51 1
5364 51 1
5510 51 1
6562 51 1
6566 51 1
6704 51 1
6729 51 1
7520 51 1
7946 51 2
8021 51 1
8284 51 1
8286 51 1
8881 51 2
9028 51 1
1267 52 1
1281 52 1
1377 52 1
1514 52 1
1638 52 1
1666 52 1
2106 52 1
2642 52 1
2733 52 1
2805 52 1
3599 52 1
3866 52 1
6566 52 1
7707 52 1
8284 52 1
8298 52 1
8958 52 1
1618 53 1
1638 53 1
1899 53 1
2642 53 1
3124 53 1
3570 53 1
5510 53 2
6525 53 1
6566 53 1
8284 53 1
8298 53 1
8969 53 1
1377 54 1
2487 54 1
2521 54 1
2642 54 1
2794 54 1
3448 54 1
7333 54 1
7622 54 1
7859 54 1
8122 54 1
8284 54 2
8958 54 1
8969 54 1
1835 55 1
2642 55 1
2805 55 1
3866 55 1
6197 55 1
7333 55 1
7707 55 1
8298 55 1
1016 56 1
1269 56 1
1618 56 1
2337 56 1
2805 56 1
2941 56 1
4250 56 1
5100 56 1
7541 56 1
8284 56 1
8969 56 1
5429 57 1
5431 57 1
6336 57 1
6668 57 1
1734 58 1
4332 58 1
4767 58 1
5328 58 1
5353 58 1
5936 58 1
6069 58 1
7417 58 1
8111 58 1
8284 58 1
8958 58 1
9012 58 1
1209 59 1
1666 59 1
1874 59 1
3866 59 1
5545 59 1
6562 59 1
8132 59 1
8284 59 2
8295 59 1
8958 59 1
9012 59 1
1281 60 1
1762 60 1
1873 60 1
1899 60 1
3269 60 1
4407 60 1
4879 60 1
5130 60 1
5353 60 1
6562 60 1
8284 60 2
8958 60 1
9012 60 1
2980 61 1
3448 61 1
4407 61 1
5763 61 1
7573 61 1
7742 61 1
7961 61 1
8284 61 1
2457 62 1
2980 62 1
3334 62 1
3448 62 1
3866 62 1
4878 62 1
5219 62 1
5545 62 1
5674 62 1
6856 62 1
7744 62 1
8969 62 1
958 63 1
3220 63 1
3824 63 1
5484 63 1
7068 63 1
8227 63 1
958 64 1
1281 64 1
1514 64 1
5429 64 1
5431 64 1
6747 64 1
6752 64 1
7092 64 1
8958 64 1
1281 65 2
1606 65 1
1718 65 1
1731 65 1
1734 65 1
1873 65 1
2209 65 1
2300 65 1
3598 65 1
3751 65 1
3830 65 1
3866 65 2
3933 65 1
4259 65 1
5912 65 1
6848 65 1
7522 65 1
7983 65 1
8987 65 1
9028 65 1
1163 66 1
1377 66 1
1514 66 1
4332 66 1
6668 66 1
8243 66 1
8284 66 1
8958 66 1
1102 67 1
1734 67 1
2010 67 1
2723 67 1
3819 67 1
5119 67 1
5353 67 1
5632 67 1
7177 67 1
7680 67 1
8284 67 1
8786 67 1
8815 67 1
8958 67 1
961 68 1
1734 68 1
1873 68 1
1899 68 1
2261 68 1
3313 68 1
3830 68 1
6486 68 1
7177 68 1
8284 68 1
8477 68 1
1377 69 1
1835 69 2
1959 69 1
2083 69 1
2247 69 1
3300 69 1
3866 69 1
4250 69 1
4777 69 1
4825 69 1
5100 69 1
6213 69 1
6476 69 1
6562 69 1
6850 69 1
7159 69 1
7540 69 2
7995 69 2
8073 69 1
8284 69 1
8320 69 1
8412 69 1
8602 69 1
8969 69 1
1015 70 1
1281 70 2
1762 70 1
1874 70 1
2243 70 1
3866 70 1
4077 70 1
4276 70 1
4587 70 1
4733 70 1
5082 70 1
5132 70 1
5545 70 2
6434 70 1
7472 70 1
7640 70 1
8073 70 1
8284 70 1
8299 70 1
8448 70 1
8776 70 1
9028 70 1
9123 70 1
1015 71 1
1281 71 1
1377 71 1
1514 71 1
1762 71 1
2243 71 1
3520 71 1
3866 71 1
4276 71 1
4587 71 1
5082 71 1
5132 71 1
6434 71 1
7477 71 1
7740 71 1
8284 71 1
8448 71 1
8776 71 1
8958 71 1
9028 71 1
9123 71 1
1289 72 1
1343 72 1
1476 72 1
1899 72 1
3875 72 1
4459 72 1
6009 72 1
6526 72 1
6564 72 1
7144 72 1
7607 72 1
8132 72 1
8228 72 1
8284 72 2
1762 73 1
2929 73 1
4629 73 1
5130 73 1
6033 73 1
7477 73 1
7559 73 1
8284 73 1
8958 73 1
1377 74 1
1762 74 1
2243 74 1
4629 74 1
5015 74 1
5130 74 1
5693 74 1
6625 74 1
7866 74 1
8284 74 1
8912 74 1
1377 75 1
1762 75 1
2243 75 1
3599 75 1
4629 75 1
5130 75 1
5693 75 1
7144 75 1
7859 75 1
8284 75 1
8299 75 1
8912 75 1
957 76 1
959 76 1
1874 76 1
3435 76 1
3520 76 1
3824 76 1
3866 76 1
4332 76 1
4459 76 1
5289 76 1
5419 76 1
5429 76 1
5546 76 1
7739 76 1
8244 76 1
8284 76 1
1360 77 1
1377 77 1
3020 77 1
3773 77 1
3830 77 2
4078 77 1
5015 77 1
5930 77 2
6602 77 1
7740 77 1
8284 77 3
8356 77 1
8469 77 1
8958 77 1
1360 78 1
1377 78 1
1534 78 1
3100 78 1
3773 78 1
3830 78 1
4078 78 1
4250 78 1
4624 78 1
5015 78 1
5930 78 2
6602 78 1
7740 78 1
8284 78 2
8356 78 1
8469 78 1
8789 78 1
8958 78 1
8969 78 1
961 79 1
1734 79 1
1899 79 1
3007 79 2
3830 79 1
6486 79 1
6602 79 2
6953 79 1
7177 79 1
8284 79 1
8354 79 1
8477 79 1
8566 79 1
1329 80 1
1882 80 1
2982 80 1
3772 80 1
3957 80 1
5296 80 1
5938 80 1
6006 80 1
6374 80 1
7180 80 1
7600 80 1
7799 80 1
7904 80 1
8283 80 1
8284 80 1
8350 80 1
8535 80 1
8725 80 1
8767 80 1
8984 80 1
1281 81 1
1606 81 1
1670 81 1
1705 81 1
2212 81 1
3165 81 1
3824 81 1
3933 81 2
4250 81 1
4767 81 1
5296 81 1
5335 81 2
5485 81 2
5628 81 1
7605 81 1
8542 81 1
8727 81 1
9005 81 1
1698 82 1
1762 82 1
2300 82 1
6434 82 1
6602 82 1
7739 82 1
8284 82 1
8354 82 1
9028 82 1
2148 83 1
2983 83 1
3448 83 1
5219 83 1
5315 83 1
5545 83 1
6290 83 1
6969 83 1
7859 83 1
8284 83 1
9028 83 1
1189 84 1
1281 84 1
2402 84 1
2733 84 1
2910 84 1
3086 84 1
5975 84 1
6197 84 1
7070 84 1
7559 84 1
8283 84 1
2004 85 1
3830 85 1
5296 85 1
5938 85 1
7180 85 1
9051 85 1
1271 86 1
1360 86 1
1685 86 1
2304 86 1
4276 86 1
5546 86 1
6114 86 1
6591 86 1
7740 86 1
7746 86 1
8282 86 1
8727 86 1
1534 87 1
1899 87 1
2248 87 1
3236 87 1
3589 87 1
3866 87 1
5624 87 1
7869 87 1
7879 87 1
8958 87 1
1534 88 1
1606 88 1
2058 88 1
2248 88 1
2580 88 1
2930 88 1
3479 88 1
3866 88 1
4250 88 1
5217 88 1
8284 88 1
1321 89 1
1606 89 1
1620 89 1
2337 89 1
2941 89 1
3100 89 1
3835 89 1
3866 89 1
3883 89 1
3957 89 1
3976 89 1
3977 89 1
4032 89 1
4250 89 1
4259 89 1
4379 89 1
5195 89 1
5221 89 1
6074 89 1
6301 89 1
6762 89 1
6774 89 1
8111 89 1
8132 89 1
8284 89 3
8298 89 2
8714 89 1
8969 89 1
1289 90 1
1377 90 1
1476 90 1
1514 90 1
1731 90 1
3101 90 1
3599 90 1
6562 90 1
7177 90 1
1226 91 1
1466 91 1
3124 91 1
4285 91 1
4407 91 1
7358 91 1
8779 91 1
9028 91 1
3835 92 1
4767 92 1
4900 92 1
6197 92 1
8111 92 1
8295 92 1
9028 92 1
1169 93 1
1722 93 1
2012 93 1
3146 93 1
3261 93 1
3274 93 1
3844 93 1
5135 93 1
5165 93 1
5328 93 1
5938 93 1
6392 93 1
7746 93 1
7855 93 1
8282 93 1
8284 93 1
8930 93 1
1606 94 1
1748 94 1
3682 94 1
4259 94 2
4656 94 1
6586 94 1
7578 94 1
7754 94 1
7990 94 1
8958 94 1
3432 95 1
5678 95 1
6105 95 1
7707 95 1
9051 95 1
3599 96 1
3844 96 1
6193 96 1
8021 96 1
1361 97 1
1734 97 1
1899 97 1
3274 97 1
3750 97 1
3830 97 1
4407 97 1
4767 97 1
6865 97 1
9012 97 1
1272 98 1
1638 98 1
1835 98 1
2076 98 1
2643 98 1
3274 98 1
3600 98 1
4250 98 1
4777 98 1
4825 98 1
6562 98 1
7541 98 1
8284 98 2
8602 98 1
1281 99 2
1606 99 1
3135 99 1
3435 99 1
3546 99 1
3599 99 1
4250 99 1
5841 99 1
7123 99 1
8016 99 1
8284 99 1
8295 99 1
8569 99 1
8958 99 1
9051 99 1
1281 100 1
1874 100 1
2087 100 1
2235 100 1
2894 100 1
3386 100 1
3717 100 1
3866 100 1
5545 100 1
7663 100 1
8299 100 1
8305 100 1
8568 100 1
8775 100 1
8776 100 1
1576 101 1
2182 101 1
2363 101 1
3124 101 1
3229 101 1
3274 101 1
3432 101 1
3570 101 1
4100 101 1
6891 101 1
7019 101 1
7144 101 1
7615 101 1
8284 101 1
8299 101 1
8495 101 1
9028 101 1
1269 102 1
1281 102 1
1370 102 1
1445 102 1
1574 102 1
2365 102 1
2809 102 1
3844 102 1
5594 102 1
5632 102 2
5780 102 1
5936 102 1
6193 102 1
6701 102 1
7343 102 1
8283 102 1
8284 102 1
8958 102 1
8997 102 1
1025 103 1
1252 103 1
1388 103 1
2580 103 1
3104 103 1
3844 103 1
3866 103 1
3957 103 1
6055 103 1
6193 103 1
7707 103 1
8284 103 1
8525 103 1
8815 103 1
8958 103 1
2745 104 1
5247 104 1
6197 104 1
7427 104 1
8651 104 1
9028 104 1
2093 105 1
4032 105 1
5546 105 1
6403 105 1
6603 105 1
7744 105 1
1271 106 1
1534 106 1
1835 106 2
1899 106 1
2076 106 1
2245 106 1
2640 106 1
4407 106 1
5246 106 1
5247 106 1
5297 106 1
6973 106 1
7739 106 1
7990 106 1
8284 106 3
8649 106 1
1534 107 1
1835 107 1
2076 107 1
2245 107 1
2642 107 1
3124 107 1
4300 107 1
4551 107 1
5219 107 2
5247 107 1
5846 107 1
6027 107 1
6602 107 1
7739 107 1
7990 107 1
8284 107 4
8649 107 1
9028 107 1
967 108 1
1107 108 1
3274 108 2
3830 108 1
3866 108 1
4279 108 1
4828 108 1
6602 108 1
7075 108 1
7607 108 1
8284 108 2
9028 108 1
2720 109 1
3483 109 1
3717 109 1
4222 109 1
4407 109 1
5275 109 1
5545 109 1
5906 109 1
8284 109 1
8727 109 1
1319 110 1
1514 110 1
1835 110 1
2300 110 1
2643 110 1
2980 110 1
3261 110 1
3274 110 1
4662 110 1
7541 110 1
8284 110 3
8299 110 1
8776 110 1
1267 111 1
1606 111 1
2302 111 1
2337 111 1
2805 111 1
3866 111 1
4259 111 1
5100 111 1
5219 111 1
5846 111 1
6114 111 1
7522 111 1
7540 111 1
8282 111 1
1107 112 1
1165 112 1
1281 112 1
1377 112 1
1441 112 1
3824 112 1
4332 112 1
6603 112 1
7811 112 1
8014 112 1
8284 112 1
8958 112 1
9028 112 1
2300 113 1
2449 113 1
2613 113 1
2928 113 1
3835 113 1
3885 113 1
3933 113 1
4032 113 1
4250 113 1
4279 113 1
4629 113 1
4656 113 1
4926 113 1
5349 113 1
6616 113 1
8284 113 2
8602 113 1
1015 114 1
1377 114 1
1461 114 1
1835 114 1
2925 114 1
5546 114 2
5730 114 1
5939 114 1
6509 114 1
7116 114 1
7541 114 1
7995 114 1
8073 114 1
8284 114 1
8412 114 1
1153 115 1
1377 115 1
1718 115 1
2035 115 1
2384 115 1
3432 115 1
5130 115 1
5864 115 1
7559 115 1
8284 115 2
8785 115 1
8841 115 1
8958 115 1
1015 116 1
1271 116 1
1377 116 1
2311 116 1
3101 116 1
3485 116 1
3573 116 1
4407 116 1
4459 116 1
4570 116 1
6562 116 1
7812 116 1
8297 116 1
1319 117 1
1377 117 1
2311 117 1
3100 117 1
3358 117 1
3485 117 1
3866 117 1
5546 117 1
6562 117 1
7612 117 1
8720 117 1
3101 118 1
3274 118 1
5638 118 1
6562 118 1
7489 118 1
8841 118 1
1762 119 1
1899 119 1
3818 119 1
4250 119 1
4825 119 1
5082 119 1
5130 119 1
7861 119 1
8132 119 1
8296 119 1
8968 119 1
1281 120 1
2208 120 1
2733 120 2
3229 120 1
3677 120 1
3844 120 1
4407 120 1
5092 120 1
5483 120 1
5808 120 1
5978 120 1
6114 120 1
7605 120 1
8043 120 1
8284 120 1
8469 120 2
8542 120 1
9028 120 1
1121 121 1
1761 121 1
2000 121 1
3844 121 1
4407 121 1
5100 121 1
5419 121 1
5808 121 1
6753 121 1
6863 121 1
9012 121 1
1102 122 1
1244 122 1
2148 122 1
2421 122 1
2760 122 1
3165 122 1
3220 122 1
3269 122 1
3432 122 1
5195 122 1
5449 122 1
5976 122 1
6441 122 1
6957 122 1
7520 122 1
7770 122 1
8284 122 5
8780 122 1
8958 122 1
1281 123 2
1377 123 1
1762 123 1
2012 123 1
3835 123 1
5082 123 1
5130 123 1
6346 123 1
7473 123 1
7598 123 1
8284 123 1
8552 123 1
8958 123 1
1163 124 1
1281 124 1
2242 124 1
2505 124 1
2733 124 1
3124 124 1
3686 124 1
3866 124 1
4298 124 1
4332 124 1
7811 124 1
8284 124 2
8454 124 1
8984 124 1
1272 125 1
1835 125 1
2488 125 1
2643 125 1
3300 125 1
3652 125 1
4250 125 1
4656 125 1
4825 125 1
5846 125 1
6562 125 1
7541 125 1
7729 125 1
7865 125 1
7990 125 1
8030 125 1
8284 125 2
8649 125 1
1377 126 1
1514 126 1
1835 126 1
2643 126 1
5846 126 1
6197 126 1
6562 126 1
7541 126 1
8284 126 1
8602 126 1
8649 126 1
8958 126 1
1835 127 1
2247 127 1
2642 127 1
3269 127 1
4259 127 1
7202 127 1
7942 127 1
7990 127 1
7995 127 1
8284 127 1
8305 127 1
8958 127 1
1534 128 1
1835 128 1
2083 128 1
2640 128 1
3022 128 1
3269 128 1
7993 128 1
8176 128 1
8283 128 1
8284 128 2
8774 128 1
8958 128 1
1269 129 1
1899 129 1
3396 129 1
5219 129 1
5441 129 1
5846 129 1
6953 129 1
7515 129 1
7540 129 1
8228 129 1
8284 129 1
8720 129 1
1196 130 1
3750 130 1
3830 130 2
3866 130 1
4459 130 1
5911 130 1
6477 130 1
6523 130 1
6996 130 1
7520 130 1
7580 130 1
7628 130 1
7817 130 1
8284 130 2
8969 130 1
8997 130 1
1606 131 1
2571 131 1
3100 131 1
4259 131 1
4829 131 1
5235 131 1
5335 131 1
6140 131 1
6562 131 1
7904 131 1
8132 131 1
8176 131 1
8284 131 1
8912 131 1
8958 131 1
1718 132 1
1734 132 1
3269 132 1
4042 132 1
4250 132 1
4276 132 1
4825 132 1
7559 132 1
8284 132 1
8448 132 1
8867 132 1
967 133 1
1718 133 1
1734 133 1
4276 133 1
8284 133 2
8448 133 1
8867 133 1
8958 133 1
1377 134 1
3274 134 1
3751 134 1
3830 134 1
4032 134 1
5936 134 1
7180 134 1
7707 134 1
8284 134 2
8958 134 1
8961 134 1
2974 135 1
3950 135 1
5760 135 1
5914 135 1
6140 135 1
7468 135 1
7670 135 1
8243 135 1
8283 135 1
8284 135 4
8552 135 1
8770 135 1
8840 135 1
9028 135 1
1014 136 1
1189 136 1
1281 136 1
1340 136 1
1762 136 1
1875 136 1
2256 136 1
3772 136 1
3830 136 1
4100 136 1
4262 136 1
4587 136 1
5082 136 1
5130 136 1
6603 136 1
6606 136 1
6903 136 1
8374 136 1
1340 137 1
1371 137 1
1875 137 1
3830 137 1
3866 137 1
4120 137 1
4587 137 1
5082 137 1
6197 137 1
6562 137 1
6602 137 1
6607 137 1
8341 137 1
9028 137 1
1835 138 1
4250 138 1
4825 138 1
6405 138 1
7528 138 1
7942 138 1
8284 138 1
1835 139 1
6197 139 1
6405 139 1
6943 139 1
7528 139 2
8602 139 1
8697 139 1
1281 140 1
1377 140 1
1449 140 1
2126 140 1
3454 140 1
3830 140 1
4407 140 1
4459 140 1
5834 140 1
5846 140 1
6504 140 1
7559 140 1
8283 140 1
8284 140 2
8311 140 1
8534 140 1
8727 140 1
8841 140 1
962 141 1
1899 141 1
2439 141 1
2894 141 1
3165 141 1
3682 141 1
5194 141 1
5328 141 1
5938 141 1
6866 141 1
8721 141 1
8958 141 1
1105 142 1
1606 142 1
4250 142 1
5335 142 1
6635 142 1
7092 142 1
8696 142 1
8958 142 1
1377 143 1
3682 143 1
4656 143 1
5100 143 1
5440 143 1
7086 143 1
8014 143 1
8284 143 2
8374 143 1
8958 143 1
8969 143 1
1065 144 1
1670 144 1
1693 144 1
1943 144 1
2276 144 1
3124 144 1
3830 144 1
3859 144 1
3866 144 1
4755 144 1
6502 144 1
7278 144 1
8111 144 1
8284 144 2
8295 144 1
1360 145 1
1762 145 1
2243 145 1
3069 145 1
3813 145 1
3830 145 1
3866 145 1
3892 145 1
5082 145 1
5130 145 1
6403 145 1
7640 145 1
8284 145 1
8329 145 1
8958 145 1
1122 146 1
2894 146 1
4407 146 1
5219 146 1
6221 146 1
7202 146 2
8284 146 1
8298 146 1
8329 146 1
9016 146 1
1341 147 1
2622 147 1
2894 147 1
4250 147 1
5219 147 1
8284 147 1
8298 147 1
8958 147 1
9016 147 1
2588 148 1
2828 148 1
3263 148 1
3269 148 1
3830 148 1
5135 148 1
6140 148 1
7422 148 1
7520 148 1
7524 148 1
7612 148 1
8284 148 2
8958 148 1
9016 148 1
9028 148 1
1606 149 1
2237 149 1
2304 149 1
3708 149 1
4259 149 1
4276 149 1
6603 149 1
7678 149 1
7742 149 1
8958 149 1
2337 150 1
3830 150 1
6197 150 1
7680 150 1
8849 150 1
9016 150 1
1424 151 1
1715 151 1
1734 151 1
1899 151 1
2300 151 1
2643 151 1
3007 151 1
3379 151 1
3781 151 1
3830 151 1
6140 151 1
6403 151 1
6863 151 1
7311 151 1
7624 151 1
7660 151 1
8566 151 1
8721 151 1
8958 151 1
1360 152 1
2500 152 1
3772 152 1
3866 152 1
7680 152 1
8298 152 1
8329 152 1
8332 152 1
9012 152 1
1705 153 1
2208 153 1
3824 153 1
3933 153 2
4407 153 1
4767 153 1
5278 153 1
5296 153 1
5335 153 2
5485 153 2
5628 153 1
7605 153 1
7859 153 1
8542 153 1
8727 153 1
9005 153 1
9028 153 1
1580 154 1
1606 154 1
3274 154 1
4259 154 1
4767 154 1
4825 154 1
8177 154 1
8542 154 1
9005 154 1
1025 155 1
1319 155 1
1377 155 1
2745 155 1
4017 155 1
6197 155 1
6660 155 1
6876 155 1
8299 155 1
8912 155 1
9028 155 1
3274 156 1
4016 156 1
4250 156 1
4276 156 1
4277 156 1
4825 156 1
7023 156 1
8068 156 1
8448 156 1
8881 156 1
1319 157 1
1377 157 1
1573 157 1
3866 157 1
5546 157 1
6526 157 1
6562 157 1
8295 157 1
8299 157 1
1281 158 1
1734 158 1
2855 158 1
3124 158 1
4056 158 1
4459 158 1
7660 158 1
8284 158 1
8461 158 1
8875 158 1
1762 159 1
1899 159 1
2914 159 1
4407 159 1
5132 159 1
6027 159 1
6326 159 1
8461 159 1
1448 160 1
1574 160 1
1899 160 1
2035 160 1
2036 160 1
2580 160 1
2941 160 1
3359 160 1
3454 160 1
3830 160 1
3866 160 1
4011 160 1
4711 160 1
5253 160 1
5621 160 1
6876 160 1
7575 160 1
7621 160 1
7740 160 1
8284 160 2
8745 160 1
1899 161 1
2914 161 1
4407 161 1
4459 161 1
6027 161 1
6326 161 1
8461 161 1
8877 161 1
1281 162 1
1619 162 1
2594 162 1
2941 162 1
3866 162 1
4250 162 1
4825 162 1
5625 162 1
7612 162 1
8284 162 1
8864 162 1
8875 162 1
9012 162 1
1168 163 1
1276 163 1
1395 163 1
2580 163 1
3261 163 1
3830 163 2
5135 163 1
5224 163 1
7269 163 1
8283 163 1
8284 163 2
8298 163 1
8469 163 2
8958 163 1
9028 163 1
1168 164 1
1265 164 1
1360 164 1
1371 164 1
1395 164 1
1899 164 1
3830 164 1
7612 164 1
7716 164 1
8284 164 1
8332 164 1
8469 164 1
8918 164 1
1377 165 1
2007 165 1
2913 165 1
3411 165 1
4017 165 1
4995 165 1
7199 165 1
8284 165 2
8298 165 2
8958 165 1
3269 166 1
4250 166 1
4459 166 1
4756 166 1
4825 166 1
5419 166 1
8132 166 1
8284 166 1
8448 166 1
8841 166 1
1281 167 1
2180 167 1
3269 167 1
3830 167 1
4276 167 1
4459 167 1
5419 167 1
8132 167 1
8284 167 1
8448 167 1
8958 167 1
1377 168 1
3573 168 1
3813 168 1
3866 168 1
4459 168 1
4723 168 1
4756 168 1
6140 168 1
6403 168 1
7740 168 1
8284 168 1
8841 168 1
8958 168 1
1474 169 1
2443 169 1
3261 169 1
5135 169 1
7812 169 1
8469 169 1
8958 169 1
1698 170 1
1762 170 2
1899 170 1
2300 170 1
3447 170 1
3866 170 1
4737 170 1
4876 170 1
5940 170 1
6434 170 1
6602 170 1
8082 170 1
8284 170 3
8354 170 1
8455 170 1
8727 170 1
8747 170 1
9031 170 1
1102 171 1
1340 171 1
2035 171 1
4459 171 1
4995 171 1
6603 171 1
8176 171 1
8958 171 1
1246 172 1
1377 172 1
1731 172 1
1762 172 1
2012 172 1
3274 172 1
4011 172 1
5132 172 1
6857 172 1
7177 172 1
7680 172 1
7707 172 1
8284 172 3
8958 172 1
1514 173 1
1731 173 1
1762 173 1
2422 173 1
2619 173 1
3269 173 1
3830 173 1
4662 173 1
5132 173 1
6313 173 1
7177 173 1
7680 173 1
8284 173 2
8477 173 1
8809 173 1
8958 173 1
1514 174 1
1762 174 1
3269 174 2
3835 174 1
4662 174 1
5130 174 1
6313 174 1
6857 174 1
7687 174 1
7689 174 1
8284 174 3
8958 174 1
961 175 1
1606 175 1
1734 175 1
3750 175 2
3830 175 1
4011 175 1
4259 175 1
4829 175 1
4844 175 1
5335 175 1
5342 175 1
5693 175 1
6223 175 1
6551 175 1
6858 175 1
8284 175 2
8358 175 1
8958 175 1
1719 176 1
2309 176 1
3159 176 1
3270 176 1
4276 176 1
4407 176 1
5419 176 2
5911 176 1
6996 176 1
8284 176 3
8448 176 3
1343 177 1
1514 177 1
1762 177 2
1899 177 1
2243 177 1
3649 177 1
3866 177 1
4587 177 1
4662 177 1
4837 177 1
5132 177 2
6603 177 1
8284 177 1
8958 177 1
1102 178 1
1514 178 1
1899 178 1
2012 178 1
2733 178 1
3649 178 1
3844 178 1
5195 178 1
6523 178 1
6884 178 1
7899 178 1
7921 178 1
8132 178 1
8736 178 1
8958 178 1
1121 179 1
1281 179 1
1377 179 1
2012 179 1
3830 179 1
3844 179 1
5491 179 1
5846 179 1
7599 179 1
7921 179 2
8284 179 2
8958 179 1
8969 179 1
1210 180 1
1620 180 1
2076 180 1
2450 180 1
2588 180 1
2642 180 1
2927 180 1
3830 180 1
3841 180 1
3869 180 1
3957 180 1
4047 180 1
4276 180 1
4277 180 1
5846 180 1
6477 180 1
6861 180 1
7421 180 1
8284 180 2
8448 180 1
961 181 1
1210 181 1
1762 181 1
2076 181 1
2642 181 1
3835 181 1
4407 181 1
5015 181 1
5130 181 1
5698 181 1
5846 181 1
1281 182 1
1618 182 1
2527 182 1
3599 182 1
3830 182 1
4259 182 1
8295 182 1
8552 182 1
8958 182 1
1319 183 1
1698 183 1
1762 183 1
1863 183 1
2300 183 1
3866 183 1
4739 183 1
5545 183 1
5619 183 1
5939 183 1
6434 183 1
6502 183 1
6602 183 2
7612 183 1
8284 183 2
8299 183 1
8354 183 1
9028 183 1
1395 184 1
2127 184 1
2640 184 1
3124 184 1
3570 184 1
3636 184 1
3866 184 1
3883 184 1
4276 184 1
5253 184 1
8284 184 1
8299 184 1
8448 184 1
9091 184 1
1281 185 1
1319 185 1
1395 185 2
1762 185 1
2300 185 1
2640 185 2
3086 185 1
3708 185 1
3830 185 1
3976 185 1
4407 185 1
4941 185 1
5130 185 1
5219 185 1
6131 185 1
8284 185 4
8602 185 1
8789 185 1
8958 185 1
1899 186 1
2642 186 1
2733 186 1
3772 186 1
6562 186 1
8133 186 1
8157 186 1
8963 186 1
1899 187 2
2805 187 1
3529 187 1
3844 187 1
4943 187 1
5479 187 1
6378 187 1
6526 187 1
6704 187 1
7522 187 2
7904 187 1
8284 187 1
8721 187 1
8816 187 1
1762 188 1
3124 188 1
3813 188 1
3830 188 1
4120 188 1
4628 188 1
5130 188 1
6403 188 1
6562 188 1
7528 188 1
8284 188 1
1281 189 1
1343 189 1
1899 189 1
3830 189 2
3866 189 1
4683 189 1
5358 189 1
5428 189 1
6123 189 1
6602 189 1
6606 189 1
7528 189 1
7740 189 1
7983 189 1
8284 189 2
8841 189 1
8961 189 1
1762 190 1
1899 190 1
3586 190 1
3813 190 1
3830 190 1
3866 190 1
3909 190 1
5130 190 1
6403 190 1
7487 190 1
7528 190 1
8284 190 1
1377 191 1
1514 191 1
2263 191 1
2476 191 1
2514 191 1
3100 191 1
3866 191 1
4304 191 1
4677 191 1
4869 191 1
6477 191 1
8229 191 1
8284 191 1
8471 191 1
8958 191 1
1461 192 1
1762 192 1
3448 192 1
3520 192 1
5015 192 1
5130 192 1
6991 192 1
7740 192 1
8284 192 1
8958 192 1
1289 193 2
1476 193 2
1514 193 1
3101 193 1
3458 193 1
3866 193 1
3875 193 2
5297 193 1
6009 193 2
6477 193 1
6562 193 1
6564 193 1
7011 193 1
8132 193 1
8284 193 2
9123 193 1
1762 194 1
3448 194 1
5130 194 1
6577 194 1
7607 194 1
7740 194 1
8284 194 1
3599 195 1
4459 195 1
4755 195 1
7144 195 1
8841 195 1
961 196 1
1606 196 1
3135 196 1
3835 196 1
4250 196 1
4332 196 1
4756 196 1
5296 196 1
5328 196 1
5936 196 1
5938 196 1
6227 196 1
7020 196 1
7180 196 1
8841 196 1
8958 196 1
1102 197 1
1731 197 1
2035 197 1
3124 197 1
3269 197 1
3454 197 1
3835 197 1
4114 197 1
4459 197 1
5128 197 1
6120 197 1
6140 197 1
6227 197 1
6409 197 1
6877 197 1
7234 197 1
7609 197 1
7680 197 1
8284 197 2
8958 197 1
8961 197 1
3083 198 1
3421 198 1
3933 198 1
4332 198 1
4407 198 1
4459 198 1
6477 198 1
6562 198 1
6893 198 1
7118 198 1
7599 198 1
7628 198 1
7983 198 1
8284 198 2
8543 198 1
9005 198 1
9028 198 1
1242 199 1
1267 199 1
1445 199 1
2613 199 1
2981 199 1
3049 199 1
3269 199 1
3957 199 1
4276 199 1
5126 199 1
6434 199 1
6585 199 1
7139 199 1
7873 199 1
8243 199 1
8284 199 4
8448 199 1
8840 199 1
8867 199 1
1267 200 1
1445 200 1
1899 200 1
3708 200 1
4407 200 1
4459 200 1
5130 200 1
5219 200 1
5296 200 1
5936 200 1
6027 200 1
7180 200 1
7559 200 1
7739 200 1
7746 200 1
8243 200 1
8284 200 2
8840 200 1
2126 201 1
2212 201 1
3573 201 1
3602 201 1
4407 201 1
5130 201 2
5296 201 1
5521 201 1
5936 201 1
6994 201 1
7180 201 1
7559 201 1
8284 201 3
8298 201 1
9028 201 1
1534 202 1
2248 202 1
3604 202 1
4250 202 1
5217 202 1
5706 202 1
7869 202 1
8134 202 1
8284 202 2
1102 203 1
1281 203 1
1319 203 1
1606 203 2
2212 203 1
2875 203 1
4259 203 1
4459 203 1
5328 203 1
5335 203 1
5483 203 1
5938 203 1
8295 203 1
9028 203 1
9051 203 1
1289 204 1
1360 204 1
1377 204 1
1514 204 1
1734 204 1
2728 204 2
3520 204 1
3866 204 1
5546 204 1
6526 204 1
6556 204 1
6564 204 1
8958 204 1
1081 205 1
1102 205 1
1377 205 1
1514 205 1
2528 205 1
2875 205 1
3677 205 1
3866 205 1
5486 205 1
5546 205 1
7296 205 1
7565 205 1
8374 205 1
8720 205 1
8969 205 1
1110 206 1
1377 206 1
1983 206 1
2501 206 1
3007 206 1
3866 206 1
5685 206 1
6000 206 1
8542 206 2
8566 206 1
8958 206 1
9005 206 1
1281 207 2
1874 207 1
2208 207 1
3101 207 1
3236 207 1
3598 207 1
3830 207 1
3866 207 1
4407 207 1
5036 207 1
5194 207 1
5546 207 1
5705 207 1
6114 207 1
8043 207 1
8157 207 1
9016 207 1
9028 207 2
2337 208 1
3835 208 1
6552 208 1
6762 208 1
7899 208 1
8284 208 2
8298 208 1
8958 208 1
1016 209 1
1102 209 1
1281 209 1
1514 209 1
1731 209 1
1757 209 1
2337 209 1
3485 209 1
3830 209 1
3866 209 2
4276 209 1
5082 209 1
5546 209 1
6969 209 1
8284 209 1
8448 209 1
8552 209 1
1899 210 1
3830 210 1
3957 210 1
4656 210 1
5082 210 1
5625 210 1
5758 210 1
6213 210 1
7489 210 1
8461 210 1
8542 210 1
8552 210 1
8958 210 1
9005 210 1
1899 211 1
2875 211 1
2941 211 1
3599 211 1
3866 211 1
5486 211 1
5628 211 1
5685 211 1
6108 211 1
7343 211 1
7680 211 1
7953 211 1
8111 211 1
8228 211 1
8543 211 1
9005 211 1
1281 212 1
1576 212 1
1619 212 1
1762 212 1
2490 212 1
3261 212 1
3269 212 1
3274 212 1
3830 212 1
4250 212 1
4832 212 1
5130 212 1
5135 212 1
5639 212 1
5788 212 1
7559 212 1
8284 212 3
8958 212 1
1040 213 1
1163 213 1
1226 213 1
1466 213 1
3124 213 1
3165 213 1
4285 213 1
4407 213 1
6066 213 1
7339 213 1
7358 213 1
8284 213 2
8602 213 1
8774 213 1
8969 213 1
9028 213 1
961 214 1
2128 214 1
2828 214 1
2982 214 1
3830 214 1
3957 214 1
4407 214 1
7012 214 1
7812 214 1
8158 214 1
8218 214 1
8283 214 1
8284 214 1
8469 214 1
9012 214 2
3830 215 1
4276 215 1
4777 215 1
6197 215 1
7689 215 1
8021 215 1
8448 215 1
1762 216 1
2733 216 1
4629 216 1
5130 216 1
6915 216 1
7477 216 1
7559 216 1
1377 217 1
3274 217 1
4767 217 1
5203 217 1
7812 217 1
8469 217 1
8958 217 1
1000 218 1
1175 218 1
1281 218 1
1748 218 1
1899 218 1
2225 218 1
2817 218 1
2894 218 1
3935 218 1
4078 218 1
4748 218 1
5206 218 1
5590 218 1
5593 218 1
6069 218 1
6606 218 1
7754 218 1
8283 218 1
8284 218 2
8299 218 1
8721 218 1
8958 218 1
9064 218 1
1163 219 2
1281 219 1
1899 219 1
2184 219 1
3599 219 1
4459 219 1
5496 219 1
5543 219 1
5978 219 1
6523 219 1
6620 219 1
7144 219 1
8273 219 1
8284 219 1
8721 219 1
9030 219 1
1718 220 1
1734 220 1
4276 220 1
6434 220 1
6860 220 1
7873 220 1
8284 220 2
8295 220 1
8448 220 1
8958 220 1
1395 221 1
3100 221 1
4276 221 1
4304 221 1
8284 221 1
8295 221 1
8448 221 1
8958 221 1
3101 222 1
3781 222 1
3830 222 1
4250 222 1
4825 222 1
5194 222 1
8043 222 1
8284 222 1
8696 222 1
9016 222 1
1176 223 1
1514 223 1
3226 223 1
3866 223 1
4187 223 1
4662 223 1
6994 223 1
7123 223 1
8043 223 1
8284 223 1
8958 223 1
1281 224 1
1323 224 1
2208 224 1
2443 224 1
2454 224 1
3261 224 1
3271 224 1
3808 224 1
3907 224 1
4407 224 1
5259 224 1
5296 224 1
7812 224 1
8043 224 1
8323 224 1
8439 224 1
8997 224 1
9028 224 1
1281 225 2
1466 225 1
3418 225 1
4078 225 1
4407 225 1
4879 225 1
5676 225 1
6477 225 1
6523 225 1
8040 225 1
8283 225 1
8540 225 1
8785 225 1
8961 225 1
8997 225 2
